115 65 72
17 60 100 51 100 39 96 3 24 59 58 78 26 26 6 100 81 71 52 88 108 34 16 18 53 40 58 54 47 77 11 61 23 94 28 9 35 59 107 76 45 42 62 57 69 90 59 109 97 29 75 45 37 92 59 111 80 74 90 16 101 29 90 50 93 24 30 77 16 9 59 103 83 46 31 28 25 82 71 3 99 57 70 76 29 19 37 41 81 6 64 63 97 48 100 8 78 28 71 38 12 16 17 99 109 33 114 39 15 106 89 104 8 47 54 
44 4 5
6 36 40 30 1 5 16 23 24 15 37 31 15 35 41 36 32 21 12 21 23 25 12 6 2 19 30 41 13 35 31 17 12 1 22 40 26 30 19 38 33 7 25 3 
199 43 46
43 25 138 118 60 157 3 70 134 95 18 120 13 165 50 68 96 30 52 186 39 79 62 199 28 109 84 158 168 8 35 64 156 140 79 94 166 104 100 119 98 146 17 58 23 167 161 142 175 89 96 39 153 163 73 59 38 60 132 165 188 134 176 31 14 31 191 123 144 18 176 191 168 148 152 147 38 121 187 30 85 120 178 195 34 175 164 155 157 69 114 181 20 45 121 191 73 95 185 42 185 10 63 34 71 156 95 70 106 46 101 42 120 198 99 25 147 142 88 70 20 71 191 22 182 139 99 91 138 157 18 145 33 23 32 189 12 119 99 106 23 192 188 154 125 166 169 20 43 53 108 43 69 32 170 98 12 49 54 67 21 72 157 62 175 28 6 63 10 83 59 131 194 39 181 4 86 25 82 138 15 60 2 175 96 142 171 83 122 99 105 124 85 124 185 80 112 91 149 
127 1 2
65 31 62 70 75 82 47 53 10 12 77 97 38 61 6 74 83 49 71 48 35 38 84 71 27 88 86 15 36 9 69 82 105 88 29 12 18 106 127 63 120 30 44 23 87 115 111 60 117 75 12 73 113 33 24 61 118 122 112 92 56 23 36 108 113 41 15 42 38 28 127 84 122 59 12 99 97 46 26 19 122 32 11 92 70 43 66 55 34 21 90 116 44 55 51 67 114 14 81 37 51 42 39 72 98 52 55 50 75 29 41 32 38 24 88 117 63 44 96 72 34 98 50 70 119 68 38 
147 35 38
82 23 19 78 52 80 61 121 91 3 77 43 49 85 20 70 108 60 105 93 70 33 80 55 121 21 44 59 94 102 68 14 64 122 78 141 129 116 68 135 117 90 50 13 81 38 116 112 15 121 40 126 96 55 36 83 52 96 82 135 13 52 45 3 135 105 145 127 52 98 14 112 124 75 135 119 109 136 56 111 99 7 124 63 110 63 139 5 59 9 112 137 23 53 85 36 59 136 56 138 126 9 35 126 35 134 47 64 13 68 77 81 120 61 142 60 101 97 125 53 17 112 133 42 39 27 90 44 73 17 143 61 29 91 13 88 125 8 66 77 50 146 42 68 53 34 52 
143 33 58
48 141 17 67 54 91 79 3 31 25 138 57 84 19 55 60 3 27 93 12 10 110 99 21 103 80 86 77 89 112 68 70 18 62 98 98 84 77 130 140 81 65 139 88 95 137 52 29 35 72 89 15 33 6 34 59 127 13 91 123 120 65 4 128 4 123 87 109 96 103 93 85 48 76 30 37 136 19 142 47 104 118 89 46 127 13 72 101 4 23 48 13 103 19 29 110 9 14 98 106 12 142 76 5 45 111 61 14 103 72 107 129 6 73 31 11 68 93 20 131 4 30 8 104 99 64 59 9 127 122 75 16 134 85 57 91 95 62 64 109 93 132 73 
155 30 31
70 133 45 137 52 133 51 58 119 119 37 101 126 145 47 74 61 150 52 116 25 105 57 133 72 48 149 29 121 39 139 38 38 113 16 144 142 9 55 62 60 140 12 4 82 98 66 117 110 1 127 35 82 151 69 24 103 31 42 58 117 47 50 115 56 64 48 10 31 155 43 89 43 144 151 47 72 5 94 114 151 61 66 97 130 152 3 29 132 41 14 56 57 102 113 120 7 34 128 64 9 62 28 138 77 143 140 2 142 27 32 144 80 39 71 141 99 43 98 8 130 139 11 63 50 110 98 6 42 13 51 120 115 109 129 14 3 152 67 111 121 91 15 126 24 76 59 140 19 24 11 151 120 139 135 
140 17 68
1 125 33 129 32 57 82 5 24 137 67 121 121 85 50 68 120 30 103 140 134 59 129 65 48 81 65 118 18 111 44 95 58 134 60 100 134 54 95 65 44 104 88 126 29 112 50 49 40 70 118 53 109 81 27 130 93 80 100 119 11 137 50 106 31 34 6 74 75 22 21 89 131 12 74 128 93 102 16 24 20 72 9 6 133 42 122 43 64 88 52 117 36 96 129 112 81 1 123 92 68 94 86 125 112 101 61 36 76 133 51 66 133 134 134 135 2 59 120 5 117 112 92 120 139 58 135 68 91 60 23 105 67 99 55 122 59 15 45 90 
22 5 7
20 9 9 16 15 20 19 22 13 7 14 7 19 18 18 22 12 19 19 22 10 11 
163 47 142
58 138 141 129 147 22 11 116 128 146 38 106 157 61 129 103 148 103 131 70 58 50 27 125 135 28 9 120 11 14 27 93 109 15 72 12 27 45 127 24 8 5 24 15 95 82 135 110 37 95 148 118 74 71 59 62 112 14 11 96 28 98 108 47 85 125 75 57 143 105 3 46 48 153 158 56 159 89 126 46 115 37 80 53 119 140 84 82 126 6 119 31 150 71 66 126 95 15 103 16 160 128 80 25 113 27 26 60 114 156 58 93 63 124 7 137 100 63 95 83 25 23 156 18 160 140 135 163 30 58 60 2 80 108 69 90 27 61 9 48 82 124 116 63 142 76 7 16 122 41 150 101 85 89 90 14 28 112 116 119 55 126 29 
0
